0 346.56978594643704 212.4976698464644 61.60115012683707 74.31714814186074
0 362.5646886882109 198.91187180026094 89.28560691661426 107.7163305195595
0 453.03224869407074 188.78779616808694 111.62210107188832 134.6636280184934
0 269.5718093495516 205.52735193050822 73.28676579949285 88.41495195321369
0 266.1930424142442 208.68202016543037 72.28558300337946 87.20709612516481
0 239.83335884902624 185.40730650723776 116.53683392416443 140.59287960280204
0 190.56789533691995 167.14818065427517 160.41264025927987 193.5256652423326
0 459.95630183321276 153.50555715117693 358.0873963335745 307.01111430235386
0 551.7941579004033 141.4678585678363 174.41168419919336 260.65110866339637
0 137.80906351703234 143.60900719216127 275.6181270340647 287.21801438432254
