0 347.9440281850571 211.1131211495465 64.76391675497962 78.1327878751747
0 365.48740186403944 196.13311067908828 95.39350697931957 115.08504989836422
0 464.6977550627116 184.34073779001778 121.40031354761186 146.46030228704694
0 266.98544602307896 203.77770773648885 77.06043231729575 92.96759580670061
0 262.6525782759071 206.64391276214783 77.05614819524067 92.9624227058269
0 233.03603211700528 180.80287911663993 126.43508777333878 152.5343745347866
0 173.11136989455258 157.35778472227466 182.06449926681842 219.64698842106935
0 450.27518739802997 170.19720663789354 377.44962520394 340.3944132757871
0 565.3441468405958 138.90794471039243 147.3117063188082 277.81588942078486
0 131.0758923180981 150.82366899872594 262.1517846361962 301.64733799745187
