0 0.5436625440391517 0.4398190023948885 0.10119361992965566 0.16277664140661396
0 0.5710740654125617 0.4086106472481006 0.14905235465518682 0.23976052062159212
0 0.7260902422854869 0.3840432037292037 0.18968798991814353 0.3051256297646811
0 0.4171647594110609 0.4245368911176851 0.12040692549577461 0.19368249126395962
0 0.4103946535561048 0.430508151587808 0.12040023155506355 0.1936717139704727
0 0.3641188001828207 0.37667266482633316 0.19755482464584184 0.3177799469474721
0 0.2704865154602384 0.3278287181714055 0.2844757801044038 0.4575978925438945
0 0.7035549803094219 0.35457751382894487 0.5897650393811562 0.7091550276578897
0 0.883350229438431 0.28939155147998424 0.23017454112313782 0.5787831029599685
0 0.2048060817470283 0.31421597708067905 0.4096121634940566 0.6284319541613581
