0 0.5415152905413079 0.44270347884680084 0.09625179707318292 0.15482739196220988
0 0.5665073260753295 0.4143997329172103 0.13950876080720978 0.22440902191574896
0 0.7078628885844855 0.39330790868351445 0.1744095329248255 0.2805492250385279
0 0.42120595210867434 0.42818198318855877 0.11451057156170759 0.18419781656919518
0 0.41592662877225656 0.4347542086779799 0.11294622344278041 0.18168145026076002
0 0.3747396232016035 0.38626522189007867 0.18208880300650693 0.29290183250583757
0 0.2977623364639374 0.34822537636307327 0.2506447504051248 0.40317846925485956
0 0.7186817216143949 0.3198032440649519 0.5595115567712101 0.6396064881299038
0 0.8621783717193802 0.29472470534965894 0.2725182565612396 0.5430231430487424
0 0.21532666174536302 0.299185431650336 0.43065332349072605 0.598370863300672
