0 347.7877090863236 211.2381146647814 64.47364033006829 77.78259123066721
0 365.18456410038283 196.39011881495733 94.82424295084638 114.39827591136338
0 463.55488926345913 184.7632004563475 120.46809954420752 145.33565655306978
0 267.1901760614733 203.93417050083167 76.71769047192288 92.55410363713332
0 262.9481015382041 206.8291189781339 76.61691779205614 92.43252439968995
0 233.6405395955429 181.23060590252132 125.51011889226442 151.41846951013275
0 174.7784097661684 158.30766507884894 179.95775662357312 217.10536345392558
0 451.4737861979776 168.09860837315 375.0524276040448 336.1972167463
0 563.9304534267031 138.59701877042838 150.13909314659372 277.19403754085675
0 131.8015602916542 150.02638175102106 263.6031205833084 300.0527635020421
