0 346.42114041856274 212.62578374648416 61.31310419165084 73.96964241521721
0 362.28022225343204 199.16311736250327 88.73865810771679 107.05647815688809
0 451.98034129203944 189.1851637500802 110.75886263866016 133.62219609643495
0 269.78207904793345 205.68534031528392 72.94596040162071 88.00379596141153
0 266.4852373056368 208.86336877345403 71.86079366326956 86.6946198708863
0 240.40463982479494 185.8083623350213 115.6728448788869 139.55054213978246
0 191.99779636735644 167.9594518330768 158.61361593746676 191.3552790551638
0 460.55342028437485 152.46820154657777 356.89315943125035 304.93640309315555
0 550.697311912606 142.95140920576682 176.60537617478798 256.73287487872403
0 138.28353473028605 143.09002886797103 276.5670694605721 286.18005773594206
