0 0.5412830319040043 0.4429703828051753 0.09580172529945444 0.1541034216983692
0 0.5660628472709875 0.4149231611718818 0.1386541532933075 0.22303432949351684
0 0.7062192832688117 0.3941357578126671 0.1730607228729065 0.2783795752009061
0 0.421534498512396 0.4285111256568415 0.11397806312753236 0.18334124158627402
0 0.4163831832900575 0.4351320182780292 0.11228249009885868 0.1806137913976798
0 0.3756322497262421 0.3871007548646277 0.18073882012326078 0.2907302961245468
0 0.29999655682399445 0.34991552465224335 0.2478337749022918 0.3986568313649246
0 0.7196147191943357 0.31764208655537035 0.5576455616113287 0.6352841731107407
0 0.8604645498634469 0.29781543584534753 0.2759459002731062 0.5348601559973417
0 0.21606802301607195 0.298104226808273 0.4321360460321439 0.596208453616546
