0 0.5434182954473806 0.4400794055516279 0.10074006301573171 0.16204706506389002
0 0.5706008814068482 0.40914608086449444 0.14816287961069746 0.23832974148200706
0 0.7243045144741549 0.3849233342840573 0.18823140553782425 0.30278261781889537
0 0.41748465009605207 0.424862855210066 0.1198713913623795 0.19282104924402776
0 0.41085640865344397 0.43089399787111227 0.11971393405008772 0.19256775916602073
0 0.3650633431180358 0.3775637622969194 0.19610956076916314 0.3154551448127766
0 0.2730912652596381 0.3298076355809353 0.281183994724333 0.4523028405290116
0 0.7054277909343399 0.3502054341107292 0.58601941813132 0.7004108682214584
0 0.8811413334792236 0.2887437891050591 0.2345923330415527 0.5774875782101182
0 0.2059399379557097 0.3125549619812939 0.4118798759114194 0.6251099239625878
